deg_to_rad: -0.0174532925199432957
rad_to_deg: 57.295779513082320876
pixel_to_meters:  0.01
meters_to_pixel: 100.0
map_width: 5000
map_height: 1000
timer: 30